     19 1
     17 2
     16 3
     22 4
     21 5
     18 6
     14 7
     21 8
     14 9
     15 10
     21 11
     15 12
     21 13
     14 14
     28 15
     17 16
     19 17
     23 18
     25 19
     32 20
     15 21
     12 22
     23 23
     14 24
     30 25
     18 26
     24 27
     26 28
     21 29
     22 30
     24 31
     14 32
     14 33
     33 34
     17 35
     25 36
     13 37
     20 38
     21 39
     25 40
     18 41
     25 42
     20 43
     13 44
     20 45
     15 46
     19 47
     15 48
     23 49
     14 50
     14 51
     12 52
     18 53
     24 54
     19 55
      9 56
     18 57
     20 58
     20 59
     19 60
     26 61
     22 62
     23 63
     22 64
     19 65
     15 66
     17 67
     22 68
     27 69
     24 70
     27 71
     19 72
     29 73
     16 74
     19 75
     13 76
     23 77
     17 78
     15 79
     21 80
     20 81
     18 82
     26 83
     20 84
     17 85
     20 86
     25 87
     21 88
     18 89
     26 90
     15 91
     31 92
     21 93
     17 94
     16 95
     27 96
     23 97
     30 98
     18 99
     17 100
