19
81
17
85
4
48
71
30
8
50
84
27
44
17
14
92
92
64
24
1
63
71
18
88
86
97
66
68
75
97
27
86
59
29
28
28
96
99
2
5
71
96
16
5
30
89
15
45
28
34
28
11
10
37
23
92
45
84
40
53
34
17
25
67
11
36
8
94
79
63
57
58
82
97
86
42
59
48
95
76
89
25
53
44
28
65
33
82
25
40
25
37
49
42
84
64
20
51
82
29
26
19
34
98
44
41
4
69
20
1
12
60
66
32
86
92
26
49
83
64
44
6
98
74
38
49
99
43
50
31
87
8
15
97
98
47
73
13
76
34
71
46
21
3
90
21
41
67
73
78
28
8
99
8
75
94
23
35
18
15
12
31
38
36
60
99
24
43
78
79
20
93
65
37
75
29
25
39
74
76
59
39
30
39
85
34
24
31
32
36
49
96
5
90
96
95
20
26
61
62
