39
21
63
49
18
55
54
19
83
68
39
74
95
5
16
63
92
41
74
48
73
29
24
12
51
52
2
55
81
85
14
60
79
33
7
100
34
98
48
77
84
89
71
100
64
20
96
19
73
5
86
19
89
94
14
47
4
53
91
50
62
27
22
98
43
1
94
50
92
39
47
88
41
60
9
97
64
100
21
24
86
63
100
83
98
65
55
98
17
18
41
8
30
73
93
34
96
93
43
96
31
42
8
1
48
70
26
92
42
70
29
72
2
7
88
48
5
36
43
83
20
20
49
98
55
9
70
49
77
16
75
31
65
81
7
73
25
2
80
71
24
86
67
43
47
6
40
42
27
68
4
4
61
11
82
36
27
4
42
41
57
44
30
77
69
4
77
46
5
78
42
7
50
79
52
96
30
16
86
18
91
30
88
23
91
30
33
4
44
81
51
68
77
36
41
63
41
45
35
57
