20
98
88
52
96
28
25
61
50
69
62
19
98
52
12
89
89
37
98
62
40
92
87
32
40
40
65
5
8
90
10
94
45
1
68
16
96
99
92
58
47
43
64
92
18
34
69
11
19
68
43
13
5
51
63
1
24
88
15
18
52
37
90
64
39
69
71
83
74
43
85
55
92
58
62
79
42
45
33
84
54
87
48
75
71
9
72
34
1
13
15
97
71
3
96
24
6
82
64
36
23
50
36
37
47
4
52
10
47
54
41
2
89
29
15
66
17
98
20
90
87
45
3
64
30
61
77
25
84
35
37
66
34
91
80
42
31
11
90
75
74
59
95
100
73
15
89
22
36
11
71
73
27
96
70
42
100
7
88
30
4
50
77
3
36
44
93
70
49
63
68
97
48
15
60
55
69
8
42
83
28
38
23
70
81
84
40
5
33
88
21
98
92
10
65
54
29
63
25
26
