67
8
92
100
41
79
35
85
74
42
25
83
5
69
16
26
54
46
49
49
10
83
61
29
72
46
67
60
89
3
5
68
34
58
9
19
62
61
1
67
6
77
59
77
83
13
25
44
1
27
8
90
82
23
36
99
98
58
25
77
66
37
34
34
12
33
65
10
56
23
93
80
56
79
76
96
70
35
64
87
33
4
21
46
58
36
14
84
12
9
69
97
81
75
80
68
15
13
85
20
73
71
72
63
88
90
55
61
25
87
56
44
7
87
45
40
55
81
20
34
12
77
92
68
100
75
13
15
25
5
85
11
72
79
53
58
52
92
62
14
54
25
80
81
22
88
92
40
21
58
100
90
20
55
55
78
6
17
34
23
67
87
61
70
98
85
77
84
46
35
84
72
92
38
47
8
48
77
82
33
60
4
55
27
99
62
80
1
71
83
81
92
72
66
52
45
73
95
80
46
