31
50
5
84
26
23
54
3
95
40
83
1
93
28
13
28
85
53
23
84
47
16
15
2
73
98
19
93
48
39
82
18
61
4
78
78
40
35
18
39
95
87
73
92
65
33
61
13
20
85
87
77
63
47
90
73
75
45
5
83
60
23
87
62
31
55
99
19
63
6
11
90
51
95
7
83
92
75
100
24
31
16
58
6
87
8
77
87
10
3
81
4
14
79
14
76
10
86
6
23
93
96
57
67
11
42
80
84
34
97
94
57
16
54
23
59
51
4
95
90
93
20
56
72
49
70
87
12
7
42
56
44
60
45
30
28
51
55
98
12
45
50
99
26
70
11
23
38
29
24
46
74
76
62
94
78
41
87
19
90
57
39
53
97
43
45
93
40
81
90
35
35
20
42
18
55
53
61
66
17
54
20
74
58
95
73
59
39
68
71
4
53
11
70
97
54
45
20
19
21
