23
83
29
2
70
16
63
29
90
36
80
54
97
34
79
91
98
2
69
13
91
77
65
49
79
34
8
27
50
96
9
84
20
36
71
69
58
80
60
20
65
22
17
27
90
90
67
16
7
7
25
42
71
49
69
31
73
8
16
64
73
78
53
100
80
54
15
47
45
28
72
70
80
62
11
74
28
42
52
25
63
92
64
3
85
27
10
68
35
19
75
40
9
20
5
19
27
80
70
51
12
11
91
32
77
28
96
97
23
59
56
68
98
71
57
43
53
46
69
91
25
58
86
29
71
18
93
9
53
79
4
29
71
39
51
98
48
30
2
59
62
28
96
83
34
54
55
22
57
38
87
82
88
48
35
25
62
34
92
69
58
14
29
15
76
9
21
61
35
1
83
27
19
94
18
63
13
63
29
34
66
27
86
81
31
2
97
86
82
61
75
94
74
26
92
37
49
64
78
73
