17
19
56
92
24
92
100
88
78
20
28
31
25
41
91
72
88
55
59
41
72
82
99
67
93
27
44
97
15
86
35
80
4
28
52
71
86
96
40
42
90
27
85
88
68
7
51
84
84
64
13
43
60
9
56
86
28
89
59
70
89
71
16
20
54
28
38
95
94
17
100
64
88
13
99
30
19
94
38
21
28
48
72
23
19
7
69
18
1
77
72
13
23
30
40
73
74
81
78
42
21
68
18
36
58
25
73
66
34
18
64
13
90
49
74
41
20
68
46
40
92
57
61
31
78
63
87
2
61
81
71
49
2
5
61
28
61
2
98
69
71
13
47
4
88
35
47
12
26
18
74
32
82
6
95
86
69
99
38
87
77
93
98
15
47
31
15
87
75
39
73
28
31
17
31
62
64
36
43
36
17
75
91
94
87
36
25
38
27
70
83
18
57
46
72
63
73
17
66
42
