7
8
29
53
64
69
31
62
61
76
21
96
15
68
37
19
54
17
5
49
87
67
81
67
63
20
23
99
89
45
97
85
14
30
70
61
87
90
9
14
21
60
86
70
60
54
66
34
27
30
6
57
96
22
73
20
65
20
15
32
10
39
66
15
75
6
36
15
5
80
26
98
68
70
19
22
11
13
86
25
78
89
31
14
18
14
12
49
42
1
53
57
77
68
59
36
90
95
54
29
42
93
78
53
11
69
22
38
9
15
10
31
76
62
96
96
32
46
43
52
97
99
23
12
27
64
40
53
42
96
61
2
89
26
70
40
29
17
84
51
98
79
98
49
94
73
8
72
72
1
58
86
23
40
78
6
93
51
80
76
55
32
94
86
48
23
65
50
39
91
100
69
32
17
15
82
46
6
26
33
13
98
24
90
73
57
27
33
54
72
74
54
80
15
76
75
100
80
57
68
