3
39
96
32
97
1
26
82
83
53
6
10
15
29
34
27
5
20
2
91
58
56
76
71
88
59
20
49
40
47
79
88
65
13
11
3
36
25
24
15
62
43
34
89
59
61
54
59
99
62
94
63
30
93
13
36
34
99
90
40
95
36
87
31
96
38
37
61
38
1
2
3
44
91
39
3
58
98
22
64
26
4
98
81
60
18
92
83
35
82
99
89
65
93
15
62
65
77
65
75
33
13
43
78
83
65
81
69
61
47
68
52
10
22
31
12
93
80
3
87
63
57
57
63
25
25
22
41
32
82
38
15
96
67
10
58
69
24
31
83
69
97
73
38
6
4
54
91
75
1
85
1
28
75
25
54
41
50
73
89
40
44
49
17
36
25
21
18
15
42
14
69
34
35
39
8
34
66
57
35
98
48
92
63
8
65
37
51
19
93
90
73
3
7
41
77
28
65
20
83
