70
47
27
43
34
40
38
60
100
30
92
83
51
99
71
60
30
94
19
11
29
38
59
69
84
93
16
70
67
43
68
90
92
21
22
23
16
60
97
79
29
38
2
33
49
60
72
18
55
85
100
83
59
12
74
62
96
55
50
69
30
97
62
93
81
6
19
43
82
32
80
20
4
20
34
64
47
49
18
8
5
6
70
40
39
64
45
67
20
85
61
66
9
69
8
9
66
54
31
14
30
81
58
25
95
39
34
10
26
80
16
62
37
53
16
58
90
45
88
84
31
3
3
33
72
81
17
28
83
42
67
92
98
26
11
45
27
88
95
94
34
67
28
59
54
91
61
61
85
77
97
32
27
87
53
34
88
19
46
73
57
69
25
38
70
11
6
17
45
47
46
82
73
40
41
38
60
30
97
19
11
71
89
76
36
78
43
39
26
59
59
84
45
18
71
83
13
32
71
11
